//==============================================================================
//PET Effects
//==============================================================================
//Type: 1 = Dinamic, 2 = Static, 3 = Skill.
//Size: Size in Game
//Timer: LargeRand for SkillEffect
//Join(x): Posicion in Model Pet
//==============================================================================
//Index	Join	Type	Effect	Size	        Timer	ColorR	 ColorG	    ColorB
//==============================================================================
//Dynamic
6856   42   1   32394   0.75   150.0   0.35   0.68   1.0
6856   52   1   32394   0.75   150.0   0.35   0.68   1.0
6856   74   1   32394   0.75   150.0   0.35   0.68   1.0
6856   85   1   32394   0.75   150.0   0.35   0.68   1.0

//Static
6856   17   2   32380   0.75    150.0   0.15   0.38   1.0
6856   18   2   32380   0.75    150.0   0.15   0.38   1.0
6856   23   2   32380   0.75    150.0   0.15   0.38   1.0
6856   28   2   32380   0.75    150.0   0.15   0.38   1.0
6856   29   2   32380   0.75    150.0   0.15   0.38   1.0
6856   33   2   32380   0.75    150.0   0.15   0.38   1.0
6856   34   2   32380   0.75    150.0   0.15   0.38   1.0
6856   63   2   32380   0.75    150.0   0.15   0.38   1.0
6856   96   2   32380   0.50    150.0   0.15   0.38   1.0
6856   97   2   32380   0.40    150.0   0.15   0.38   1.0
6856   98   2   32380   0.75    150.0   0.15   0.38   1.0
6856   99   2   32380   0.75    150.0   0.15   0.38   1.0
6856   103  2   32380   0.75    150.0   0.15   0.38   1.0
6856   31   2   32380   1.0     150.0   0.15   0.38   1.0
6856   64   2   32380   1.0     150.0   0.15   0.38   1.0
6856   65   2   32380   1.0     150.0   0.15   0.38   1.0
6856   66   2   32380   1.0     150.0   0.15   0.38   1.0
6856   90   2   32380   1.0     150.0   0.15   0.38   1.0
6856   42   2   32229   1.0     150.0   1.0   1.0   1.0
6856   52   2   32229   1.0     150.0   1.0   1.0   1.0
6856   74   2   32229   1.0     150.0   1.0   1.0   1.0
6856   85   2   32229   1.0     150.0   1.0   1.0   1.0
6856   43   2   32380   0.7     150.0   0.15   0.38   1.0
6856   44   2   32380   0.7     150.0   0.15   0.38   1.0
6856   45   2   32380   1.00    150.0   0.15   0.38   1.0
6856   53   2   32380   0.7     150.0   0.15   0.38   1.0
6856   54   2   32380   0.7     150.0   0.15   0.38   1.0
6856   58   2   32380   1.00    150.0   0.15   0.38   1.0
6856   75   2   32380   0.7     150.0   0.15   0.38   1.0
6856   76   2   32380   0.7     150.0   0.15   0.38   1.0
6856   77   2   32380   1.00    150.0   0.15   0.38   1.0
6856   86   2   32380   0.7     150.0   0.15   0.38   1.0
6856   87   2   32380   0.7     150.0   0.15   0.38   1.0
6856   88   2   32380   1.00    150.0   0.15   0.38   1.0
6856   78   2   32380   1.00    150.0   0.15   0.38   1.0
6856   89   2   32380   1.00    150.0   0.15   0.38   1.0

//========================================================================================================================================
// PET RUNE WIZARD
//========================================================================================================================================
//==============================================================================
//Index	Join	Type	Effect	Size	        Timer	ColorR	 ColorG	    ColorB
//==============================================================================
//Static 
6874   1       2	 32140     -0.20       150.0        0.35     0.34     1.00             
6874   1       2	 32229     -0.30       150.0        0.35     0.34     1.00             

//========================================================================================================================================
// PET BALROG LV2
//========================================================================================================================================
//==============================================================================
//Index	Join	Type	Effect	Size	        Timer	ColorR	 ColorG	    ColorB
//==============================================================================
//Static 
6885   19      2	32002	   1.4		  150.0        2.00     0.10     0.08               
//========================================================================================================================================
// PET SELUPAN LV2
//========================================================================================================================================
//==============================================================================
//Index	Join	Type	Effect	Size	        Timer	ColorR	 ColorG	    ColorB
//==============================================================================
//Static 
6895   63      2    32002      0.5        150.0        1.00     1.00     1.00                
6895   64      2    32002      1.4        150.0        1.00     1.00     1.00                
//========================================================================================================================================
// PET LORD SILVESTER LV2
//========================================================================================================================================
//==============================================================================
//Index	Join	Type	Effect	Size	        Timer	ColorR	 ColorG	    ColorB
//==============================================================================
//Static 
6899   76      2   32002       1.4        150.0        2.55     0.69     0.00                
6899   45      2   32002       0.5        150.0        2.55     0.69     0.00                
//========================================================================================================================================
// PET NIX LV2
//========================================================================================================================================
//==============================================================================
//Index	Join	Type	Effect	Size	        Timer	ColorR	 ColorG	    ColorB
//==============================================================================
//Static 
6901   12      2   32229       0.6        150.0        0.08     0.10     2.00                
6901   23      2   32229       1.0        150.0        0.08     0.10     2.00                

//========================================================================================================================================
// PETS
//========================================================================================================================================
//==============================================================================
//Index	Join	Type	Effect	Size	        Timer	ColorR	 ColorG	    ColorB
//==============================================================================
//Dynamic 
6857 	29 	   1   32002 	  0.3       150.0  		1.5 	 0.00 	  0.00	// Dragon Knight
6857   	41 	   1   32002 	  0.3       150.0  		1.5 	 0.00 	  0.00 	// Dragon Knight
6857 	31 	   1   32002 	  0.3       150.0  		1.5 	 0.00 	  0.00	// Dragon Knight
6857   	43 	   1   32002 	  0.3       150.0  		1.5 	 0.00 	  0.00 	// Dragon Knight
6859    9	   1   32119      -0.5   	150.0		1.0      0.33     0.94	// Fairy Elf
6861    4	   1   32113      0.4    	150.0		1.00     0.95     0.49  // Luki Lv 2
6863    20	   1   32113      0.4    	150.0		1.44     0.85     0.27  // William Lv 2
6863    27	   1   32113      0.4    	150.0		1.44     0.85     0.27  // William Lv 2
6865    5	   1   32119      0.4    	150.0		0.50     1.00     2.55  // Tibetton Lv 2
6867    20	   1   32119      0.4    	150.0		0.50     1.00     2.55  // Wooparoo Lv 2
6867    27	   1   32119      0.4    	150.0		0.50     1.00     2.55  // Wooparoo Lv 2
6869    17	   1   32113      0.4    	150.0		1.00     0.95     0.49  // Chiron Lv 2
6871    5	   1   32113      0.0    	150.0		1.49     2.13     1.98  // Desmodus Lv 2
6874    1	   1   32113      0.0    	150.0		1.49     2.13     1.98  // Rune Wizard
6876    6	   1   32113      0.4    	150.0		1.44     0.85     0.27  // Prince
								
								
6889    38	   1   32394      0.5    	150.0		0.35     0.68     1.00  // Kundun Lv2
6891    14	   1   32049      1.5    	150.0		0.50     1.00     2.55  // Nightmare Lv2
6891    47	   1   32049      0.5    	150.0		2.55     2.55     2.55  // Nightmare Lv2
6893    19	   1   32394      0.3    	150.0		0.80     1.59     0.12  // HellMaine Lv2
6893    30	   1   32394      0.3    	150.0		0.80     1.59     0.12  // HellMaine Lv2
6899    76	   1   32394      0.5    	150.0		2.55     0.69     0.00  // Lord Silvester Lv2
6899    45	   1   32394      0.3    	150.0		2.55     0.69     0.00  // Lord Silvester Lv2

//=============================================================================
//Dynamic:
//ItemIndex	  Join	   Type(1) Effect Size	Timer	ColorR	ColorG	ColorB
//============================================================================= 
//HORSE OF GHOST - White
6908             42       1     32394   0.75    100     0.35     0.68     1.0
6908             52       1     32394   0.75    100     0.35     0.68     1.0
6908             74       1     32394   0.75    100     0.35     0.68     1.0
6908             85       1     32394   0.75    100     0.35     0.68     1.0
//Eye
6908             30       1     32394   0.4     100     1.0	  1.0	   1.0
6908             35       1     32394   0.4     100     1.0	  1.0	   1.0

//=============================================================================
//Static:
//ItemIndex	Join	Type(2)	Effect	Size	Timer	ColorR	ColorG	ColorB
//=============================================================================  
//HORSE OF GHOST - White
6908             17       2     32380   0.75     100      0.18    1.16    1.81
6908             18       2     32380   0.75     100      0.18    1.16    1.81
6908             23       2     32380   0.75     100      0.18    1.16    1.81
6908             28       2     32380   0.75     100      0.18    1.16    1.81
6908             29       2     32380   0.75     100      0.18    1.16    1.81
6908             33       2     32380   0.75     100      0.18    1.16    1.81
6908             34       2     32380   0.75     100      0.18    1.16    1.81
6908             63       2     32380   0.75     100      0.18    1.16    1.81
6908             96       2     32380   0.75     100      0.18    1.16    1.81
6908             97       2     32380   0.75     100      0.18    1.16    1.81
6908             98       2     32380   0.75     100      0.18    1.16    1.81
6908             99       2     32380   0.75     100      0.18    1.16    1.81
6908             103      2     32380   0.75     100      0.18    1.16    1.81
6908             31       2     32380   1.0      100      0.18    1.16    1.81
6908             64       2     32380   1.0      100      0.18    1.16    1.81
6908             65       2     32380   1.0      100      0.18    1.16    1.81
6908             66       2     32380   1.0      100      0.18    1.16    1.81
6908             90       2     32380   1.0      100      0.18    1.16    1.81
6908             42       2     32229   1.0      100      1.0     1.0     1.00
6908             52       2     32229   1.0      100      1.0     1.0     1.00
6908             74       2     32229   1.0      100      1.0     1.0     1.00
6908             85       2     32229   1.0      100      1.0     1.0     1.00
6908             43       2     32380   0.75     100      0.18    1.16    1.81
6908             44       2     32380   0.75     100      0.18    1.16    1.81
6908             45       2     32380   1.0      100      0.18    1.16    1.81
6908             53       2     32380   0.75     100      0.18    1.16    1.81
6908             54       2     32380   0.75     100      0.18    1.16    1.81
6908             58       2     32380   1.0      100      0.18    1.16    1.81
6908             75       2     32380   0.75     100      0.18    1.16    1.81
6908             76       2     32380   0.75     100      0.18    1.16    1.81
6908             77       2     32380   1.0      100      0.18    1.16    1.81
6908             86       2     32380   0.75     100      0.18    1.16    1.81
6908             87       2     32380   0.75     100      0.18    1.16    1.81
6908             88       2     32380   1.0      100      0.18    1.16    1.81
6908             78       2     32380   1.0      100      0.18    1.16    1.81
6908             89       2     32380   1.0      100      0.18    1.16    1.81
//
6908             42       2     32229   1.00     100      0.08    0.08    0.0
6908             52       2     32229   1.00     100      0.08    0.08    0.0
6908             74       2     32229   1.00     100      0.08    0.08    0.0
6908             85       2     32229   1.00     100      0.08    0.08    0.0
//=============================================================================
//Dynamic:
//ItemIndex		 Join	Type(1)	Effect	Size	Timer	ColorR	ColorG	ColorB
//============================================================================= 
//HORSE OF GHOST - Red
6909             42       1     32394   0.75    100     1.00     0.2     0.0
6909             52       1     32394   0.75    100     1.00     0.2     0.0
6909             74       1     32394   0.75    100     1.00     0.2     0.0
6909             85       1     32394   0.75    100     1.00     0.2     0.0
//Eye
6909             30       1     32394   0.4     100     1.00     0.2     0.0
6909             35       1     32394   0.4     100     1.00     0.2     0.0
//=============================================================================
//Static:
//ItemIndex	Join	Type(2)	Effect	Size	Timer	ColorR	ColorG	ColorB
//=============================================================================  
//HORSE OF GHOST - Red
6909             30       2     32002   0.75     100      1.0     0.3     0.0
6909             35       2     32002   0.75     100      1.0     0.3     0.0
6909             17       2     32380   0.75     100      1.0     0.4     0.0
6909             18       2     32380   0.75     100      1.0     0.4     0.0
6909             23       2     32380   0.75     100      1.0     0.4     0.0
6909             28       2     32380   0.75     100      1.0     0.4     0.0
6909             29       2     32380   0.75     100      1.0     0.4     0.0
6909             33       2     32380   0.75     100      1.0     0.4     0.0
6909             34       2     32380   0.75     100      1.0     0.4     0.0
6909             63       2     32380   0.75     100      1.0     0.4     0.0
6909             96       2     32380   0.75     100      1.0     0.4     0.0
6909             97       2     32380   0.75     100      1.0     0.4     0.0
6909             98       2     32380   0.75     100      1.0     0.4     0.0
6909             99       2     32380   0.75     100      1.0     0.4     0.0
6909             103      2     32380   0.75     100      1.0     0.4     0.0
6909             31       2     32380   1.00     100      1.0     0.4     0.0
6909             64       2     32380   1.00     100      1.0     0.4     0.0
6909             65       2     32380   1.00     100      1.0     0.4     0.0
6909             66       2     32380   1.00     100      1.0     0.4     0.0
6909             90       2     32380   1.00     100      1.0     0.4     0.0
6909             43       2     32380   0.75     100      1.0     0.4     0.0
6909             44       2     32380   0.75     100      1.0     0.4     0.0
6909             45       2     32380   1.00     100      1.0     0.4     0.0
6909             53       2     32380   0.75     100      1.0     0.4     0.0
6909             54       2     32380   0.75     100      1.0     0.4     0.0
6909             58       2     32380   1.00     100      1.0     0.4     0.0
6909             75       2     32380   0.75     100      1.0     0.4     0.0
6909             76       2     32380   0.75     100      1.0     0.4     0.0
6909             77       2     32380   1.00     100      1.0     0.4     0.0
6909             86       2     32380   0.75     100      1.0     0.4     0.0
6909             87       2     32380   0.75     100      1.0     0.4     0.0
6909             88       2     32380   1.00     100      1.0     0.4     0.0
6909             78       2     32380   1.00     100      1.0     0.4     0.0
6909             89       2     32380   1.00     100      1.0     0.4     0.0
//
6909             42       2     32229   1.00     100      1.0     0.2     0.0
6909             52       2     32229   1.00     100      1.0     0.2     0.0
6909             74       2     32229   1.00     100      1.0     0.2     0.0
6909             85       2     32229   1.00     100      1.0     0.2     0.0
//Fierce Lion (fiercelion.bmd)
//Static
    	6906	41 	2	32501	0.125	100	0.8     0.25    1.0
    	6906	41 	2	32002	0.5  	100	0.8     0.25    1.0
    	6906	42 	2	32501	0.125	100	0.8     0.25    1.0
    	6906	42 	2	32002	0.5  	100	0.8     0.25    1.0
    	6906	40 	2	32002	3.25 	100	0.2     0.3     0.6
	6906	43 	2	32002	3.25 	100	0.2     0.3     0.6
	6906	44 	2	32002	3.25 	100	0.2     0.3     0.6
	6906	105	2	32002	3.25 	100	0.2     0.3     0.6
	6906	107	2	32002	3.25 	100	0.2     0.3     0.6
	6906	108	2	32002	3.25 	100	0.2     0.3     0.6
	6906	148	2	32002	3.25 	100	0.2     0.3     0.6
	6906	156	2	32002	3.25 	100	0.2     0.3     0.6
	6906	157	2	32002	3.25 	100	0.2     0.3     0.6
	6906	58 	2	32002	2.0  	100	0.2     0.3     0.6
	6906	62 	2	32002	2.0  	100	0.2     0.3     0.6
	6906	63 	2	32002	2.0  	100	0.2     0.3     0.6
	6906	89 	2	32002	2.0  	100	0.2     0.3     0.6
	6906	125	2	32002	2.0  	100	0.2     0.3     0.6
	6906	126	2	32002	2.0  	100	0.2     0.3     0.6
	6906	127	2	32002	2.0  	100	0.2     0.3     0.6
	6906	91 	2	32002	2.0  	100	0.2     0.3     0.6
	6906	106	2	32002	2.0  	100	0.2     0.3     0.6
	6906	77 	2	32002	2.0  	100	0.2     0.3     0.6
	6906	81 	2	32002	2.0  	100	0.2     0.3     0.6
	6906	82 	2	32002	2.0  	100	0.2     0.3     0.6
	6906	90 	2	32002	2.0  	100	0.2     0.3     0.6
	6906	144	2	32002	2.0  	100	0.2     0.3     0.6
	6906	145	2	32002	2.0  	100	0.2     0.3     0.6
	6906	146	2	32002	2.0  	100	0.2     0.3     0.6
	6906	155	2	32002	2.0  	100	0.2     0.3     0.6
	6906	155	2	32002	0.8  	100	0.2     0.3     0.6
	6906	154	2	32002	0.8  	100	0.2     0.3     0.6
	6906	48 	2	32229	1.15 	100	0.5     0.5     0.5
	6906	67 	2	32229	1.15 	100	0.5     0.5     0.5
	6906	112	2	32229	1.15 	100	0.5     0.5     0.5
	6906	131	2	32229	1.15 	100	0.5     0.5     0.5
	6906	50 	2	32229	1.15 	100	0.5     0.5     0.5
	6906	53 	2	32229	1.15 	100	0.5     0.5     0.5
	6906	56 	2	32229	1.15 	100	0.5     0.5     0.5
	6906	69 	2	32229	1.15 	100	0.5     0.5     0.5
	6906	72 	2	32229	1.15 	100	0.5     0.5     0.5
	6906	75 	2	32229	1.15 	100	0.5     0.5     0.5
	6906	114	2	32229	1.15 	100	0.5     0.5     0.5
	6906	117	2	32229	1.15 	100	0.5     0.5     0.5
	6906	120	2	32229	1.15 	100	0.5     0.5     0.5
	6906	133	2	32229	1.15 	100	0.5     0.5     0.5
	6906	136	2	32229	1.15 	100	0.5     0.5     0.5
	6906	139	2	32229	1.15 	100	0.5     0.5     0.5
//Fierce Lion (fiercelion.bmd)
//Dynamic
	6906	58 	1	32394	1.0	100	0.6     0.6     0.8	
	6906	77 	1	32394	1.0	100	0.6     0.6     0.8
	6906	145	1	32394	1.0	100	0.6     0.6     0.8
	6906	125	1	32394	1.0	100	0.6     0.6     0.8	
	6906	155	1	32394	1.0	100	0.6     0.6     0.8	

//Fierce Lion Rare (fiercelionR.bmd)		
//Static
   	6907	41 	2	32501	0.125	100	0.8     0.25    1.0
    	6907	41 	2	32002	0.5  	100	0.8     0.25    1.0
   	6907	42 	2	32501	0.125	100	0.8     0.25    1.0
   	6907	42 	2	32002	0.5  	100	0.8     0.25    1.0
    	6907	40 	2	32002	3.25 	100	1.0     0.8     0.4
	6907	43 	2	32002	3.25 	100	1.0     0.8     0.4
	6907	44 	2	32002	3.25 	100	1.0     0.8     0.4
	6907	105	2	32002	3.25 	100	1.0     0.8     0.4
	6907	107	2	32002	3.25 	100	1.0     0.8     0.4
	6907	108	2	32002	3.25 	100	1.0     0.8     0.4
	6907	148	2	32002	3.25 	100	1.0     0.8     0.4
	6907	156	2	32002	3.25 	100	1.0     0.8     0.4
	6907	157	2	32002	3.25 	100	1.0     0.8     0.4
	6907	58 	2	32002	2.0  	100	1.0     0.8     0.4
	6907	62 	2	32002	2.0  	100	1.0     0.8     0.4
	6907	63 	2	32002	2.0  	100	1.0     0.8     0.4
	6907	89 	2	32002	2.0  	100	1.0     0.8     0.4
	6907	125	2	32002	2.0  	100	1.0     0.8     0.4
	6907	126	2	32002	2.0  	100	1.0     0.8     0.4
	6907	127	2	32002	2.0  	100	1.0     0.8     0.4
	6907	91 	2	32002	2.0  	100	1.0     0.8     0.4
	6907	106	2	32002	2.0  	100	1.0     0.8     0.4
	6907	77 	2	32002	2.0  	100	1.0     0.8     0.4
	6907	81 	2	32002	2.0  	100	1.0     0.8     0.4
	6907	82 	2	32002	2.0  	100	1.0     0.8     0.4
	6907	90 	2	32002	2.0  	100	1.0     0.8     0.4
	6907	144	2	32002	2.0  	100	1.0     0.8     0.4
	6907	145	2	32002	2.0  	100	1.0     0.8     0.4
	6907	146	2	32002	2.0  	100	1.0     0.8     0.4
	6907	155	2	32002	2.0  	100	1.0     0.8     0.4
	6907	155	2	32002	0.8  	100	1.0     0.8     0.4
	6907	154	2	32002	0.8  	100	1.0     0.8     0.4
	6907	48 	2	32431	1.15 	100	0.5     0.5     0.5
	6907	67 	2	32431	1.15 	100	0.5     0.5     0.5
	6907	112	2	32431	1.15 	100	0.5     0.5     0.5
	6907	131	2	32431	1.15 	100	0.5     0.5     0.5
	6907	50 	2	32431	1.15 	100	0.5     0.5     0.5
	6907	53 	2	32431	1.15 	100	0.5     0.5     0.5
	6907	56 	2	32431	1.15 	100	0.5     0.5     0.5
	6907	69 	2	32431	1.15 	100	0.5     0.5     0.5
	6907	72 	2	32431	1.15 	100	0.5     0.5     0.5
	6907	75 	2	32431	1.15 	100	0.5     0.5     0.5
	6907	114	2	32431	1.15 	100	0.5     0.5     0.5
	6907	117	2	32431	1.15 	100	0.5     0.5     0.5
	6907	120	2	32431	1.15 	100	0.5     0.5     0.5
	6907	133	2	32431	1.15 	100	0.5     0.5     0.5
	6907	136	2	32431	1.15 	100	0.5     0.5     0.5
	6907	139	2	32431	1.15 	100	0.5     0.5     0.5
//Fierce Lion Rare (fiercelionR.bmd)
//Dynamic		
	6907	58 	1	32392	1.0	100	1.00     1.00     1.00
	6907	77 	1	32392	1.0	100	1.00     1.00     1.00
	6907	145	1	32392	1.0	100	1.00     1.00     1.00
	6907	125	1	32392	1.0	100	1.00     1.00     1.00
	6907	155	1	32392	1.0	100	1.00     1.00     1.00
//=============================================================================
//ICE DRAGON
//=============================================================================
//Dynamic:
//ItemIndex	Join	Type(1)	Effect	Size	Timer	ColorR	ColorG	ColorB
//=============================================================================  
6910        18      1       32049	4.5     100     0.0     0.0     1.0
6910        60      1       32049	4.5     100     0.0     0.0     1.0

6910        11      1       32101	0.5     200     0.5     0.5     0.5
6910        18      1       32355	20      100     0.3     0.3     1.0
6910        60      1       32355	20      100     0.3     0.3     1.0
6910        102     1       32355	10      100     0.3     0.3     1.0
6910        120     1       32355	10      100     0.3     0.3     1.0

6910        18      1       32387	1       100     0.64    0.808   1.00
6910        60      1       32387	1       100     0.64    0.808   1.00
6910        102     1       32387	0.5     100     0.64    0.808   1.00
6910        120     1       32387	0.5     100     0.64    0.808   1.00
//=============================================================================
//Static:
//ItemIndex	Join	Type(2)	Effect	Size	Timer	ColorR	ColorG	ColorB
//=============================================================================   
6910        18      2       32229   1.3     100     1.00    1.00    1.00
6910        60      2       32229   1.3     100     1.00    1.00    1.00

6910        13      2       32380   0.5     100     1.00    0.0     0.0
6910        14      2       32380   0.5     100     1.00    0.0     0.0
6910        13      2       32380   0.30    100     1.00    0.0     0.0
6910        14      2       32380   0.30    100     1.00    0.0     0.0

6910        13      2       32231   0.20    100     1.00    1.0     1.0
6910        14      2       32231   0.20    100     1.00    1.0     1.0 

6910        13      2       32501   0.35    100     1.00    0.0     0.0
6910        14      2       32501   0.35    100     1.00    0.0     0.0	  
6910        13      2       32501   0.30    100     1.00    0.0     0.0
6910        14      2       32501   0.30    100     1.00    0.0     0.0	 
//=============================================================================
//ICE DRAGON RARE
//=============================================================================
//Dynamic:
//ItemIndex	Join	Type(1)	Effect	Size	Timer	ColorR	ColorG	ColorB
//=============================================================================  
6911        18      1       32049	4.5     100     1.0     0.0     0.0
6911        60      1       32049	4.5     100     1.0     0.0     0.0

6911        11      1       32101	0.5     200     0.5     0.5     0.5

6911        18      1       32355	20      100     1.0     0.5667  0.0
6911        60      1       32355	20      100     1.0     0.5667  0.0

6911        102     1       32355	20      100     1.0     0.5667  0.0
6911        120     1       32355	20      100     1.0     0.5667  0.0
6911        18      1       32387	1       100     1.00    0.3     0.3
6911        60      1       32387	1       100     1.00    0.3     0.3
6911        102     1       32387	0.5     100     1.00    0.3     0.3
6911        120     1       32387	0.5     100     1.00    0.3     0.3
//=============================================================================
//Static:
//ItemIndex	Join	Type(2)	Effect	Size	Timer	ColorR	ColorG	ColorB
//=============================================================================   
6911        18      2       32231   2.5     100     1.00    1.00    1.00
6911        60      2       32231   2.5     100     1.00    1.00    1.00
6911        56      2       32231   2.8     100     1.00    1.00    1.00
6911        98      2       32231   2.8     100     1.00    1.00    1.00

6911        13      2       32380   0.5     100     0.2     0.2     1.0
6911        14      2       32380   0.5     100     0.2     0.2     1.0
6911        13      2       32380   0.30    100     0.2     0.2     1.0
6911        14      2       32380   0.30    100     0.2     0.2     1.0

6911        13      2       32231   0.20    100     0.10    0.1     1.0
6911        14      2       32231   0.20    100     0.10    0.1     1.0

6911        13      2       32501   0.35    100     0.00    0.0     1.0
6911        14      2       32501   0.35    100     0.00    0.0     1.0
6911        13      2       32501   0.30    100     0.00    0.0     1.0
6911        14      2       32501   0.30    100     0.00    0.0     1.0
end