0
//--------------------------------------------------------------------------------------------------------------------------------------------------------------------------------------//
//EffectIndex 0 = StaticEffect | EffectIndex 1 = DynamicEffect			                                                                                                        //
//--------------------------------------------------------------------------------------------------------------------------------------------------------------------------------------//
//      Type       Index      EffectIndex     EffectCode     EffectValue   EffectLevel	  ColorR   ColorG   ColorB    EffectSize/Type        EffectMain/Size	 EffectSide	        //
//--------------------------------------------------------------------------------------------------------------------------------------------------------------------------------------//
//Ghost Horse
//Static
13         200        0                32380         17            0              0.08     0.08     1.00       0.75                   0.0                 0.0
13         200        0                32380         18            0              0.08     0.08     1.00       0.75                   0.0                 0.0
13         200        0                32380         23            0              0.08     0.08     1.00       0.75                   0.0                 0.0
13         200        0                32380         28            0              0.08     0.08     1.00       0.75                   0.0                 0.0
13         200        0                32380         29            0              0.08     0.08     1.00       0.75                   0.0                 0.0
13         200        0                32380         33            0              0.08     0.08     1.00       0.75                   0.0                 0.0
13         200        0                32380         34            0              0.08     0.08     1.00       0.75                   0.0                 0.0
13         200        0                32380         63            0              0.08     0.08     1.00       0.75                   0.0                 0.0
13         200        0                32380         96            0              0.08     0.08     1.00       0.50                   0.0                 0.0
13         200        0                32380         97            0              0.08     0.08     1.00       0.40                   0.0                 0.0
13         200        0                32380         98            0              0.08     0.08     1.00       0.75                   0.0                 0.0
13         200        0                32380         99            0              0.08     0.08     1.00       0.75                   0.0                 0.0
13         200        0                32380         103           0              0.08     0.08     1.00       0.75                   0.0                 0.0
13         200        0                32380         31            0              0.08     0.08     1.00       1.0                    0.0                 0.0
13         200        0                32380         64            0              0.08     0.08     1.00       1.0                    0.0                 0.0
13         200        0                32380         65            0              0.08     0.08     1.00       1.0                    0.0                 0.0
13         200        0                32380         66            0              0.08     0.08     1.00       1.0                    0.0                 0.0
13         200        0                32380         90            0              0.08     0.08     1.00       1.0                    0.0                 0.0
13         200        0                32229         42            0              1.00     1.00     1.00       1.0                    0.0                 0.0
13         200        0                32229         52            0              1.00     1.00     1.00       1.0                    0.0                 0.0
13         200        0                32229         74            0              1.00     1.00     1.00       1.0                    0.0                 0.0
13         200        0                32229         85            0              1.00     1.00     1.00       1.0                    0.0                 0.0
13         200        0                32380         43            0              0.08     0.08     1.00       0.7                    0.0                 0.0
13         200        0                32380         44            0              0.08     0.08     1.00       0.7                    0.0                 0.0
13         200        0                32380         45            0              0.08     0.08     1.00       1.00                   0.0                 0.0
13         200        0                32380         53            0              0.08     0.08     1.00       0.7                    0.0                 0.0
13         200        0                32380         54            0              0.08     0.08     1.00       0.7                    0.0                 0.0
13         200        0                32380         58            0              0.08     0.08     1.00       1.00                   0.0                 0.0
13         200        0                32380         75            0              0.08     0.08     1.00       0.7                    0.0                 0.0
13         200        0                32380         76            0              0.08     0.08     1.00       0.7                    0.0                 0.0
13         200        0                32380         77            0              0.08     0.08     1.00       1.00                   0.0                 0.0
13         200        0                32380         86            0              0.08     0.08     1.00       0.7                    0.0                 0.0
13         200        0                32380         87            0              0.08     0.08     1.00       0.7                    0.0                 0.0
13         200        0                32380         88            0              0.08     0.08     1.00       1.00                   0.0                 0.0
13         200        0                32380         78            0              0.08     0.08     1.00       1.00                   0.0                 0.0
13         200        0                32380         89            0              0.08     0.08     1.00       1.00                   0.0                 0.0
//Dynamic			 
13         200        1                32394         42            0              0.35     0.68     1.00       0.0                    0.75                0.0
13         200        1                32394         52            0              0.35     0.68     1.00       0.0                    0.75                0.0
13         200        1                32394         74            0              0.35     0.68     1.00       0.0                    0.75                0.0
13         200        1                32394         85            0              0.35     0.68     1.00       0.0                    0.75                0.0

//========================================================================================================================================
// PET RUNE WIZARD
//========================================================================================================================================
//ItemIndex   EffectIndex   EffectValue   EffectLevel   ColorR   ColorG   ColorB   ColorSize   ColorMain   ColorSide
//13         218        0                32140         1             0             0.35     0.34     1.00     -0.20         0.0         0.0
//13         218        0                32229         1             0             0.35     0.34     1.00     -0.30         0.0         0.0
//[NH SERVERS UPDATE JULY]
//========================================================================================================================================
// PET BALROG LV2
//========================================================================================================================================
//13         229        0                32002         19            0             2.00     0.10     0.08     1.4           0.0         0.0
//========================================================================================================================================
// PET SELUPAN LV2
//========================================================================================================================================
//13         239        0                32002         63            0             1.00     1.00     1.00     0.5           0.0         0.0
//13         239        0                32002         64            0             1.00     1.00     1.00     1.4           0.0         0.0
//========================================================================================================================================
// PET LORD SILVESTER LV2
//========================================================================================================================================
//13         243        0                32002         76            0             2.55     0.69     0.00     1.4           0.0         0.0
//13         243        0                32002         45            0             2.55     0.69     0.00     0.5           0.0         0.0
//========================================================================================================================================
// PET NIX LV2
//========================================================================================================================================
//13         245        0                32229         12            0             0.08     0.10     2.00     0.6           0.0         0.0
//13         245        0                32229         23            0             0.08     0.10     2.00     1.0           0.0         0.0
//========================================================================================================================================
// ICE DRAGON BLUE
//========================================================================================================================================
//13         246        0                32380         2            0               0.6     0.6      0.6      1.0        0.1         0.1
//13         246        0                32380         3           0               0.6     0.6      0.6       1.0        0.1         0.1
//13         246        0                32380         4           0                0.6     0.6      0.6       1.0        0.1         0.1
//13         246        0                32380         5           0               0.6     0.6      0.6      1.0        0.1         0.1
//13         246        0                32380         6           0               0.6     0.6      0.6       1.0        0.1         0.1
//13         246        0                32380         7           0               0.6     0.6      0.6       1.0        0.1         0.1
//13         246        0                32380         8           0               0.6     0.6      0.6       1.0        0.1         0.1
//13         246        0                32380         9           0               0.6     0.6      0.6       1.0        0.1         0.1
//13         246        0                32380         12           0               0.3     0.3      0.6       1.0        1         0.1
//13         246        0                32380         13           0               0.3     0.3      0.6       1.0      1         0.1
//13         246        0                32380         15            0               0.6     0.6      0.6      1.0         0.2         0.2
//13         246        0                32380         16           0               0.6     0.6      0.6       1.0         0.2         0.2
//13         246        0                32380         17           0                0.6     0.6      0.6       1.0         0.2         0.2
//13         246        0                32380         18           0               0.6     0.6      0.6      1.0         0.2         0.2
//13         246        0                32380         19           0               0.6     0.6      0.6       1.0         0.2         0.2
//13         246        0                32380         19           0                 0.0     0.6      1.0       1.0         0.2         0.2
//13         246        0                32380         57           0               0.6     0.6      0.6       1.0         0.2         0.2
//13         246        0                32380         58            0               0.6     0.6      0.6       1.0         0.2         0.2
//13         246        0                32380         59           0               0.6     0.6      0.6       1.0         0.2         0.2
//13         246        0                32380         60           0               0.6     0.6      0.6       1.0         0.2         0.2
//13         246        0                32380         60           0               0.0     0.6      1.0       1.0         0.2         0.2
//13         246        0                32380         99            0               0.6     0.6      0.6       1.0         0.2         0.2
//13         246        0                32380         100            0               0.6     0.6      0.6       1.0         0.2         0.2
//13         246        0                32380         101           0               0.6     0.6      0.6       1.0         0.2         0.2
//13         246        0                32380         102            0              0.6     0.6      0.6       1.0         0.2         0.2
//13         246        0                32380         103            0              0.6     0.6      0.6       1.0         0.2         0.2
//13         246        0                32380         103            0              0.0     0.6      1.0       1.0         0.2         0.2
//13         246        0                32380         117            0              0.6     0.6      0.6       1.0         0.2         0.2
//13         246        0                32380         118           0              0.6     0.6      0.6       1.0         0.2         0.2
//13         246        0                32380         119            0              0.6     0.6      0.6       1.0         0.2         0.2
//13         246        0                32380         120            0              0.6     0.6      0.6       1.0         0.2         0.2
//13         246        0                32380         121            0              0.6     0.6      0.6       1.0         0.2         0.2
//13         246        0                32380         121            0                0.0     0.6      1.0      1.0         0.2         0.2
//13         246        0                32380         135            0              0.6     0.6      0.6       1.0         0.2         0.2
//13         246        0                32380         136            0              0.6     0.6      0.6       1.0         0.2         0.2
//========================================================================================================================================
// ICE DRAGON RED
//========================================================================================================================================
//13         247        0                32380		  2            0                1.0     0.0     0.0      1.0        0.1         0.1
//13         247        0                32380		  3           0                 1.0     0.0     0.0       1.0        0.1         0.1
//13         247        0                32380		  4           0                  1.0     0.0     0.0      1.0        0.1         0.1
//13         247        0                32380		  5           0                1.0     0.0     0.0      1.0        0.1         0.1
//13         247        0                32380		  6           0                 1.0     0.0     0.0       1.0        0.1         0.1
//13         247        0                32380		  7           0                 1.0     0.0     0.0       1.0        0.1         0.1
//13         247        0                32380		  8           0                 1.0     0.0     0.0       1.0        0.1         0.1
//13         247        0                32380		  9           0                 1.0     0.0     0.0      1.0        0.1         0.1
//13         247        0                32380		  12           0               0.3     0.3      0.6       1.0        1         0.1
//13         247        0                32380		  13           0               0.3     0.3      0.6       1.0      1         0.1
//13         247        0                32380		  15            0               1.0     0.0     0.0     1.0         0.2         0.2
//13         247        0                32380		  16           0               1.0     0.0     0.0      1.0         0.2         0.2
//13         247        0                32380		  17           0                1.0     0.0     0.0      1.0         0.2         0.2
//13         247        0                32380		  18           0               1.0     0.0     0.0     1.0         0.2         0.2
//13         247        0                32380		  19           0               1.0     0.0     0.0      1.0         0.2         0.2
//13         247        0                32380		  19           0               1.0     0.3     0.0      1.0         0.2         0.2
//13         247        0                32380		  57           0               1.0     0.0     0.0      1.0         0.2         0.2
//13         247        0                32380		  58            0               1.0     0.0     0.0      1.0         0.2         0.2
//13         247        0                32380		  59           0               1.0     0.0     0.0      1.0         0.2         0.2
//13         247        0                32380		  60           0               1.0     0.0     0.0      1.0         0.2         0.2
//13         247        0                32380		  60           0             1.0     0.3     0.0      1.0         0.2         0.2
//13         247        0                32380		  99            0               1.0     0.0     0.0      1.0         0.2         0.2
//13         247        0                32380		  100            0               1.0     0.0     0.0      1.0         0.2         0.2
//13         247        0                32380		  101           0               1.0     0.0     0.0      1.0         0.2         0.2
//13         247        0                32380		  102            0              1.0     0.0     0.0      1.0         0.2         0.2
//13         247        0                32380		  103            0              1.0     0.0     0.0      1.0         0.2         0.2
//13         247        0                32380		  103            0              1.0     0.3     0.0      1.0         0.2         0.2
//13         247        0                32380		  117            0              1.0     0.0     0.0      1.0         0.2         0.2
//13         247        0                32380		  118           0              1.0     0.0     0.0      1.0         0.2         0.2
//13         247        0                32380		  119            0              1.0     0.0     0.0      1.0         0.2         0.2
//13         247        0                32380		  120            0              1.0     0.0     0.0      1.0         0.2         0.2
//13         247        0                32380		  121            0              1.0     0.0     0.0      1.0         0.2         0.2
//13         247        0                32380		  135            0              1.0     0.0     0.0      1.0         0.2         0.2
//13         247        0                32380		  136            0              1.0     0.0     0.0      1.0         0.2         0.2
//13         247        0                32380		  121            0             1.0     0.3     0.0     1.0         0.2         0.2
//========================================================================================================================================
// GHOST
//========================================================================================================================================
//13         248        0                32002         3            0              1.0     0.5     0.0       2.0         0.2         0.2
//13         248        0                32002         4            0              1.0     0.5     0.0       2.0        0.2         0.2
//13         248        0                32002         5            0              1.0     0.5    0.0       2.0        0.2         0.2
//13         248        0                32002         3            0              1.0     0.5     0.0       2.0         0.2         0.2
//13         248        0                32002         4            0              1.0     0.5     0.0       2.0        0.2         0.2
//13         248        0                32002         5            0              1.0     0.5     0.0       2.0        0.2         0.2
//13         248        0                32002         6            0              1.0     0.5     0.0       2.0        0.2         0.2
//13         248        0                32002         7            0              1.0     0.5     0.0       2.0        0.2         0.2
//13         248        0                32002         8            0              1.0     0.5     0.0       2.0        0.2         0.2
//13         248        0                32002         9            0              1.0     0.5     0.0       2.0        0.2         0.2
//13         248        0                32002         9            0              1.0     0.5     0.0       2.0        0.2         0.2
//13         248        0                32002         9            0              1.0     0.5     0.0       2.0        0.2         0.2
//13         248        0                32002         10            0             1.0     0.5     0.0       2.0        0.2         0.2
//13         248        0                32002         13            0             1.0     0.5     0.0       2.0        0.2         0.2
//13         248        0                32002         20            0             1.0     0.5     0.0       2.0        0.2         0.2
//13         248        0                32002         21            0             0.80     0.3     0.0       2.0        0.2         0.2
//13         248        0                32002         26            0             1.0     0.5     0.0       2.0        0.2         0.2
//13         248        0                32002         27            0             0.80     0.3     0.0       2.0        0.2         0.2
//13         248        0                32002         31            0             1.0     0.5     0.0       2.0        0.2         0.2
//13         248        0                32002         33            0             1.0     0.5     0.0       2.0        0.2         0.2
//13         248        0                32002         34            0             1.0     0.5     0.0       2.0        0.2         0.2
//13         248        0                32002         35            0             1.0     0.5     0.0       2.0        0.2         0.2
//13         248        0                32002         36            0             0.80     0.3     0.0       2.0        0.2         0.2
//13         248        0                32002         37            0             0.80     0.3     0.0       2.0        0.2         0.2
//13         248        0                32002         41            0             1.0     0.5     0.0       2.0        0.2         0.2
//13         248        0                32002         42            0             1.0     0.5     0.0       2.0        0.2         0.2
//13         248        0                32002         43            0             1.0     0.5     0.0       2.0        0.2         0.2
//13         248        0                32002         44            0             0.80     0.3     0.0       2.0        0.2         0.2
//13         248        0                32002         45            0             0.80     0.3     0.0       2.0        0.2         0.2
//13         248        0                32002         49            0             0.80     0.3     0.0       2.0        0.2         0.2
//13         248        0                32002         50            0             0.80     0.3     0.0       2.0        0.2         0.2
//13         248        0                32002         51            0             1.0     0.5     0.0       2.0        0.2         0.2
//13         248        0                32002         52            0             1.0     0.5     0.0       2.0        0.2         0.2
//13         248        0                32002         55            0             1.0     0.5     0.0       2.0        0.75         0.2
//13         248        0                32002         57            0             1.0     0.5     0.0       2.0        0.75         0.2
//13         248        0                32002         42            0             1.0     0.5     0.0       2.0        0.2         0.2
//13         248        0                32002         43            0             1.0     0.5     0.0       2.0        0.2         0.2
//13         248        0                32002         22            0             0.80     0.3     0.0       2.0        0.2         0.2
//13         248        0                32002         22            0             0.80     0.3     0.0       2.0        0.2         0.2
//13         248        0                32002         23            0             0.80     0.3     0.0       2.0        0.2         0.2
//13         248        0                32002         23            0             0.80     0.3     0.0       2.0        0.2         0.2
//13         248        0                32002         28            0             0.80     0.3     0.0       2.0        0.2         0.2
//13         248        0                32002         28            0             0.80     0.3     0.0       2.0        0.2         0.2
//13         248        0                32002         29            0             0.80     0.3     0.0       2.0        0.2         0.2
//13         248        0                32002         29            0             0.80     0.3     0.0       2.0        0.2         0.2
//13         248        0                32002         3            0              1.0     0.5     0.0       2.0         0.2         0.2
//13         248        0                32002         4            0              1.0     0.5     0.0       2.0        0.2         0.2
//13         248        0                32002         5            0              1.0     0.5     0.0       2.0        0.2         0.2
//13         248        0                32002         6            0              1.0     0.5     0.0       2.0        0.2         0.2
//13         248        0                32002         7            0              1.0     0.5     0.0       2.0        0.2         0.2
//13         248        0                32002         8            0              1.0     0.5     0.0       2.0        0.2         0.2
//13         248        0                32002         9            0              1.0     0.5     0.0       2.0        0.2         0.2
//13         248        0                32002         10            0             1.0     0.5     0.0       2.0        0.2         0.2

//Dynamic
//========================================================================================================================================
// PETS
//========================================================================================================================================
//ItemIndex   EffectIndex   EffectValue   EffectLevel   ColorR   ColorG   ColorB  EffectType     EffectSize   ColorSide 
//13         201        1                32002 	    29 	          0 	        1.5 	 0.00 	  0.00	  1.0 	         0.3 	      0.5     
//13         201        1                32002 	    41 	          0 	        1.5 	 0.00 	  0.00 	  1.0 	         0.3 	      0.5     
//13         201        1                32002 	    31 	          0 	        1.5 	 0.00 	  0.00	  1.0 	         0.3 	      0.5     
//13         201        1                32002 	    43 	          0 	        1.5 	 0.00 	  0.00 	  1.0 	         0.3 	      0.5     
//13         203        1                32119         9             0             1.0      0.33     0.94    1.0           -0.5         0.2  
//13         205        1                32113         4             0             1.00     0.95     0.49    7.0     		 0.4          0.3       
//13         207        1                32113         20            0             1.44     0.85     0.27    7.0     		 0.4          0.3       
//13         207        1                32113         27            0             1.44     0.85     0.27    7.0      	 0.4          0.3   
//13         209        1                32119         5             0             0.50     1.00     2.55    1.0      	 0.4          0.3   
//13         211        1                32119         20            0             0.50     1.00     2.55    1.0     		 0.4          0.3       
//13         211        1                32119         27            0             0.50     1.00     2.55    1.0      	 0.4          0.3   
//13         213        1                32113         17            0             1.00     0.95     0.49    7.0     		 0.4          0.3       
//13         215        1                32113         5             0             1.49     2.13     1.98    7.0     		 0.0          0.0       
//13         218        1                32113         1             0             1.49     2.13     1.98    7.0     		 0.0          0.0       
//13         220        1                32113         6             0             1.44     0.85     0.27    7.0     		 0.4          0.3       
//13         233        1                32394         38            0             0.35     0.68     1.00    0.0            0.5          2.0    
//13         235        1                32049         14            0             0.50     1.00     2.55    1.0            1.5          2.0    
//13         235        1                32049         47            0             2.55     2.55     2.55    7.0            0.5          2.0    
//13         237        1                32394         19            0             0.80     1.59     0.12    0.0            0.3          2.0    
//13         237        1                32394         30            0             0.80     1.59     0.12    0.0            0.3          2.0    
//13         243        1                32394         76            0             2.55     0.69     0.00    0.0            0.5          2.0    
//13         243        1                32394         45            0             2.55     0.69     0.00    0.0            0.3          2.0    

//========================================================================================================================================
// ICE DRAGON BLUE
//========================================================================================================================================				  
//13         246        1                32394         19            0             0.0     0.5     1.0     0.0         1.75         0.0
//13         246        1                32394         60           0            0.0     0.5     1.0     0.0           1.75         0.0 
//13         246        1                32394         103            0             0.0     0.5     1.0     0.0         1.75         0.0
//13         246        1                32394         121            0            0.0     0.5     01.0     0.0         1.75         0.0
//========================================================================================================================================
// ICE DRAGON RED
//========================================================================================================================================					  
//13         247        1                32394         19            0             1.0     0.2     0.0     0.0         1.75         0.0
//13         247        1                32394         60            0             1.0     0.2     0.0     0.0         1.75         0.0 
//13         247        1                32394         103            0             1.0     0.2     0.0     0.0         1.75         0.0
//13         247        1                32394         121            0             1.0     0.2     0.0     0.0         1.75         0.0  			  
//========================================================================================================================================
// GHOST
//========================================================================================================================================
//13         248        1                32394         22            0             1.0     0.5     0.0     0.0         0.75         0.0
//13         248        1                32394         28            0             1.0     0.5     0.0     0.0         0.75         0.0 
//13         248        1                32394         37            0             1.0     0.5     0.0     0.0         0.75         0.0
//13         248        1                32394         45            0             1.0     0.5     0.0     0.0         0.75         0.0 
end