// 								FILES PREMIUN SYSTEM CUSTOM ITEM POSITION
//===============================================================================================================
// MasterCodex Season 6 - Mu Online
// Developer: MasterCodex
// Last review: 07.03.2020
//===============================================================================================================
// CustomPosition config file
// ItemIndex -> max 1000 Item Position
//===============================================================================================================
//ItemIndex	TranslationX	TranslationY	RotationX	RotationY	RotationZ	Scale			Commnet
	6805	0.01			-0.02			-090.0		180.0		000.0		1.0				//Nixie's Spirit Fragment ok
	6806	0.01			-0.02			-090.0		180.0		001.0		1.5				//Steel of Heaven ok
	6807	-0.02			-0.07			-090.0		360.0		-015.0		1.0				//Archangel's Hammer ok
	6808	0.01			-0.02			-090.0		360.0		000.0		1.3				//Sealed Stone Shard ok
	6809	0.01			-0.02			-090.0		360.0		000.0		1.2				//Holyangel Soul ok
	6810	0.01			-0.02			-090.0		180.0		000.0		1.0				//Dark Angel Anvil ok
	6811	0.01			-0.02			-090.0		180.0		000.0		1.0				//Holyangel Anvil ok
	6821	0.01			-0.04			-090.0		180.0		000.0		1.0				//Garuda's Feather ok
	6822	0.01			-0.04			-090.0		180.0		000.0		1.0				//Garuda´s Flame
	6823	0.01			-0.02			-090.0		180.0		000.0		1.0				//Golden Sentences ok
	6824	0.01			0.04			-090.0		180.0		000.0		1.0				//Lesser Spirit Stone           
	6825	0.01			0.04			-090.0		180.0		000.0		1.0				//Intermediate Spirit Stone    
	6826	0.01			-0.02			-090.0		180.0		000.0		1.0				//Greater Spirit Stone          
	6827	0.01			-0.04			-090.0		180.0		000.0		1.0				//Muun Egg                 	
	6829	0.00			0.05			000.0		360.0		000.0		1.8				//Cold Horn ok
	6830	0.01			-0.02			-090.0		180.0		000.0		1.0				//Blue Eye Anvil ok
	6831	0.00			0.00			000.0		360.0		000.0		1.2				//Awakening Soul ok   
	6832	0.01			-0.02			-090.0		180.0		000.0		1.0				//Anvil Soul ok
	6294	0.00			0.10			270.0		-10.0		000.0		1.0				//Wings of Chaos
	6298	0.00			0.10			270.0		-10.0		000.0		1.0				//Wings of Angel and Devil
	6833	0.01			-0.02			-090.0		360.0		000.0		1.5				//Anvil silver ok
	6834	0.01			0.06			-090.0		360.0		000.0		3.0				//silver fleet
	6835	0.01			0.05			-090.0		360.0		000.0		1.3				//manticore ok
//Sealed Bloodangel
	7342	0.0		        0.10	        270.0		-10.0		000.0		1.0				//Set Fury
	7343	0.0		        0.10	        270.0		-10.0		000.0		1.0				//Set Fury
	7344	0.0		        0.10	        270.0		-10.0		000.0		1.0				//Set Fury
	7346	0.0		        0.11	        270.0		-10.0		000.0		1.0             //Set Trancendence
    	7347	0.0		        0.10	        270.0		-10.0		000.0		1.1             //Set Trancendence
    	7348	0.0		        0.10	        270.0		-10.0		000.0		0.8             //Set Trancendence
    	7349	0.0		        0.10	        270.0		-10.0		000.0		0.8             //Set Trancendence
	7350	0.0		        0.10	        270.0		-10.0		000.0		1.0             //Set Flury
	7351	0.0		        0.10	        270.0		-10.0		000.0		1.3             //Set Flury
	7352	0.0		        0.10	        270.0		-10.0		000.0		0.9             //Set Flury
	7353	0.0		        0.10	        270.0		-10.0		000.0		0.9             //Set Flury
	7354	0.0		        0.10	        270.0		-10.0		000.0		1.0				//Set Extremity
   	7356	0.0		        0.10	        270.0		-10.0		000.0		1.0				//Set Extremity
    	7357	0.0		        0.10	        270.0		-10.0		000.0		0.8             //Set Extremity
	7358	0.0		        0.11	        270.0		-10.0		000.0		1.0             //Set Conquest
    	7359	0.0		        0.10	        270.0		-10.0		000.0		1.1             //Set Conquest
   	7360	0.0		        0.10	        270.0		-10.0		000.0		0.8             //Set Conquest
    	7361	0.0		        0.10	        270.0		-10.0		000.0		0.8             //Set Conquest
	7362	0.0		        0.10	        270.0		-10.0		000.0		1.0             //Set Honor
    	7363	0.0		        0.10	        270.0		-10.0		000.0		1.3             //Set Honor
    	7364	0.0		        0.10	        270.0		-10.0		000.0		0.9             //Set Honor
    	7365	0.0		        0.10	        270.0		-10.0		000.0		0.9             //Set Honor
	7366	0.0		        0.10	        270.0		-10.0		000.0		1.0				
	7367	0.0		        0.10	        270.0		-10.0		000.0		1.0				
	7368	0.0		        0.10	        270.0		-10.0		000.0		1.0				
	7370    0.0             0.0             270.0       0.0         000.0       0.9
//Rud Box
	7371	0.0             0.0             270.0       0.0         000.0       1.6   			// Mastery Box Minor
	7372	0.0             0.0             270.0       0.0         000.0       1.6   			// Mastery Box Standard   
	7373	0.0             0.0             270.0       0.0         000.0       1.6   			// Mastery Box Greater  
//ItemIndex	TranslationX	TranslationY	RotationX	RotationY	RotationZ	Scale			Commnet
	6836	0.0				-0.02			270.0		0.0			000.0		1.5				//socket note
	6837	0.0				0.02			270.0		0.0			000.0		0.8				//seal of horse
	6838	0.0				0.02			270.0		0.0			000.0		1.0				//Sepulture
	6839	0.0				0.0				270.0		340.0		000.0		1.0				//masck 1	
	6840	0.0				0.0				270.0		340.0		000.0		1.0				//masck 2
//Rings s8-s15
	6841	0.0				0.01			270.0		340.0		000.0		1.0
	6842	0.0				-0.03			270.0		340.0		000.0		1.0
	6843	0.0				-0.03			270.0		340.0		000.0		1.0
	6844	0.0				-0.03			270.0		340.0		000.0		1.0
	6845	0.02			0.00			330.0		340.0		000.0		0.4
	6846	0.01			0.02			270.0		340.0		000.0		1.0
//Books s16
	2584	0.0             0.0             180.0       270.0         000.0       1.0   			
	2585	0.01             0.0             180.0       270.0         000.0       1.0   		
	2586	0.01             0.0             180.0       -270.0        000.0       1.0   			
	2587	-0.02             0.0             180.0       270.0         000.0       1.0   			
	2588	-0.01             0.0             180.0       270.0         000.0       1.0   			
	2589	0.0             0.0             270.0       20.0          000.0       1.0  

//=======================================================================================================================================================================================
// PETS
//=======================================================================================================================================================================================
//=======================================================================================================================================================================================
//ItemIndex	TranslationX		TranslationY		RotationX	RotationY	RotationZ		Scale Commnet
//=======================================================================================================================================================================================
6853		0.01		    	-0.03			270.0		0.0		0.0			0.8   // Muun Energy Converter
6854		0.0		        -0.03			270.0		0.0		0.0			1.2   // Evolution Stone
6855		0.0		        -0.03			270.0		0.0		0.0			1.2   // Muun Egg
6857		0.0		        -0.10			270.0		-30.0		0.0			1.0   // Dragon Knight
6858		0.0		        -0.10			270.0		-30.0		0.0			1.0   // Dark Wizard
6859		0.0		        -0.08			270.0		-30.0		0.0			1.2   // Fairy Elf
6860		0.0		        -0.10			270.0		-30.0		0.0			1.0   // Luki
6861		0.0		        -0.10			270.0		-30.0		0.0			1.0   // Luki (Lv2)
6862		0.0		        -0.13			270.0		-30.0		0.0			0.6   // William
6863		0.0		        -0.13			270.0		-30.0		0.0			0.55  // William (Lv2)
6864		0.01		    	-0.07			270.0		-30.0		0.0			0.75  // Tibetton
6865		0.01		    	-0.07			270.0		-30.0		0.0			0.75  // Tibetton (Lv2)
6866		0.0		        -0.08			270.0		-30.0		0.0			1.0   // Wooparoo
6867		0.0		        -0.08			270.0		-30.0		0.0			1.0   // Wooparoo (Lv2)
6868		0.0		        -0.06			270.0		-30.0		0.0			0.5   // Chiron
6869		0.0		        -0.06			270.0		-30.0		0.0			0.5   // Chiron (Lv2)
6870		0.0		        -0.06			270.0		-30.0		0.0			1.0   // Desmodus
6871		0.0		        -0.06			270.0		-30.0		0.0			1.0   // Desmodus (Lv2)
6872		0.0		        -0.07			270.0		-30.0		0.0			0.5   // Tibetton Mount
6873		0.0		        -0.07			270.0		-30.0		0.0			0.5   // Tibetton Mount (Lv2)
6874		0.0		        -0.08			270.0		-30.0		0.0			1.2   // Rune Wizard
6875		0.0		        -0.10			270.0		-30.0		0.0			1.1   // Gaion Kharein
6876		0.0		       	 0.03			270.0		-30.0		0.0			1.0   // Prince
6877		0.0		         0.03			270.0		-30.0		0.0			1.0   // King Rex Milion
6878		0.0		        -0.10			270.0		-30.0		0.0			0.3   // Loggle
6879		0.0		        -0.10			270.0		-30.0		0.0			0.3   // Loggle (Lv2)
6880    	0.0		        -0.15			270.0		-30.0		0.0			0.7   // Repen
6881    	0.0		        -0.15			270.0		-30.0		0.0			0.7   // Repen (Lv2)
6882    	0.0		        -0.07			270.0		-30.0		0.0			0.4   // Repen Mount
6883    	0.0		        -0.07			270.0		-30.0		0.0			0.4   // Repen Moun (Lv2)
6884    	0.0		        -0.10			270.0		-30.0		0.0			0.7   // Balrog
6885    	0.0		        -0.10			270.0		-30.0		0.0			0.7   // Balrog (Lv2)
6886    	0.0		        -0.10			270.0		-30.0		0.0			0.8   // Phoenix of Darkness
6887    	0.0		        -0.10			270.0		-30.0		0.0			0.8   // Phoenix of Darkness (Lv2)
6888    	0.0		        -0.10			270.0		-30.0		0.0			0.6   // Kundun
6889    	0.0		        -0.10			270.0		-30.0		0.0			0.6   // Kundun (Lv2)
6890    	0.0		        -0.10			270.0		-30.0		0.0			1.1   // Nightmare
6891    	0.0		        -0.10			270.0		-30.0		0.0			1.1   // Nightmare (Lv2)
6892    	0.0		        -0.10			270.0		-30.0		0.0			1.1   // HellMain
6893    	0.0		        -0.10			270.0		-30.0		0.0			1.1   // HellMain (Lv2)
6894    	0.0		        -0.10			270.0		-30.0		0.0			1.0   // Selupan
6895    	0.0		        -0.10			270.0		-30.0		0.0			1.0   // Selupan (Lv2)
6896    	0.0		        -0.10			270.0		-30.0		0.0			1.3   // Medusa
6897    	0.0		        -0.10			270.0		-30.0		0.0			1.3   // Medusa (Lv2)
6898    	0.0		        -0.10			270.0		-30.0		0.0			1.1   // Lord Silvester
6899    	0.0		        -0.10			270.0		-30.0		0.0			1.1   // Lord Silvester (Lv2)
6900    	0.0		        -0.10			270.0		-30.0		0.0			1.1   // Nix
6901    	0.0		        -0.10			270.0		-30.0		0.0			1.1   // Nix (Lv2)  6872
//
6910    	0.0		        -0.07			270.0		-30.0		0.0			0.4   // ICE DRAGON
6911    	0.0		        -0.07			270.0		-30.0		0.0			0.4   // ICE DRAGON RARE
6908		0.0		        -0.07			270.0		-30.0		0.0			0.5   // Ghost Horse
6909		0.0		        -0.07			270.0		-30.0		0.0			0.5   // Ghost Horse 
6906    	0.0		        -0.07			270.0		-30.0		0.0			0.5   // Pierce Ryan Blue
6907    	0.0		        -0.07			270.0		-30.0		0.0			0.5   // Pierce Ryan Red 
//6375    	0.0		        -0.07			270.0		-30.0		0.0			0.5   // Pierce Ryan Red

6949    	0.0		        -0.10			270.0		-30.0		0.0			1.1   // 
6950    	0.0		        -0.10			270.0		-30.0		0.0			1.1   // 

6854    	0.0		        -0.07			270.0		-30.0		0.0			0.4   // ICE DRAGON
6855    	0.0		        -0.07			270.0		-30.0		0.0			0.4   // ICE DRAGON RARE

end